1	[283871, 352272.68724174006]
10	[349605, 88671.50069363996]
12	[363411, 76857.4543120599]
14	[332169, 72252.3775547989]
16	[408297, 4898.395040864861]
18	[470449, 8502.51568182736]
21	[462902, 43205.68932517034]
23	[468168, 8543.941493224655]
25	[460419, 8687.738777070452]
27	[486147, 8227.963969745777]
29	[494176, 404.7141099527294]
3	[327906, 85804.4954712631]
30	[532626, 37549.80042281075]
5	[314808, 98472.71988005388]
7	[291091, 72142.38846271441]
9	[328172, 91415.47724973489]
11	[344305, 29044.019110962665]
13	[379136, 71216.3170419058]
15	[328921, 63845.117824644825]
17	[505611, 39556.10142975528]
19	[462184, 1081.8202274418845]
2	[306095, 68606.15168493442]
20	[546837, 36573.969939854105]
22	[435493, 344.43722401967426]
24	[492288, 20313.3125325013]
26	[466406, 8576.219002328444]
28	[484554, 4127.506944530434]
31	[519906, 15387.396952526033]
4	[307399, 16265.505092729645]
6	[319882, 50018.444301336116]
8	[296829, 18529.18683821325]
